3000x3000x_100cell_sq_ID/rastert_emidala1_TableToExcel.asc
ncols 100 
nrows 100 
xllcorner 530535 
yllcorner 5214435 
cellsize 30 
NODATA_value -9999 
[rows 41 to 81 of 100, columns 0 to 92 of 100]
923 924 924 926 929 929 928 928 928 927 926 926 929 930 928 924 919 915 914 913 911 908 905 901 897 895 892 890 887 883 880 876 872 871 870 871 871 871 871 871 872 873 873 872 872 873 874 876 878 881 884 886 890 896 903 909 914 917 921 923 925 927 929 932 937 943 948 954 960 968 978 986 995 1004 1013 1022 1030 1037 1041 1043 1043 1043 1043 1042 1042 1042 1041 1042 1044 1049 1055 1061 1069
921 924 926 929 931 932 931 931 931 930 929 929 929 928 925 920 916 913 913 914 913 911 907 902 898 895 893 892 890 885 880 875 872 871 871 871 871 871 871 872 872 873 873 872 872 872 873 874 877 879 882 884 887 892 897 901 904 908 912 916 918 922 926 928 932 937 942 948 956 966 976 985 994 1002 1010 1018 1026 1032 1035 1035 1035 1034 1033 1032 1032 1033 1034 1036 1041 1048 1056 1065 1073
919 923 927 932 934 933 933 934 934 934 933 931 929 926 921 916 912 911 912 914 914 913 910 905 900 896 894 893 891 886 880 875 872 871 871 871 871 871 872 872 873 873 873 873 872 872 873 874 876 878 881 884 888 892 896 898 901 904 909 912 915 919 923 925 928 932 937 944 953 964 974 983 991 999 1007 1015 1021 1024 1026 1025 1025 1024 1023 1021 1021 1025 1030 1036 1044 1053 1063 1072 1082
919 923 928 933 935 935 934 935 936 936 935 933 929 924 918 913 909 908 908 909 909 909 908 905 901 897 894 892 889 885 879 875 872 872 872 872 872 872 872 873 873 874 873 873 873 873 873 875 876 878 881 885 890 895 899 900 902 905 908 910 913 918 921 922 925 928 934 942 951 962 972 980 988 996 1004 1010 1014 1015 1015 1015 1014 1014 1012 1010 1011 1018 1028 1038 1050 1060 1070 1080 1090
920 924 929 933 936 935 935 936 938 939 938 935 930 923 917 911 907 905 904 903 903 904 905 904 901 897 893 890 886 882 878 874 872 872 872 873 872 872 873 874 874 874 874 873 873 874 874 875 877 879 881 886 892 898 901 903 904 906 908 910 913 917 919 921 923 927 932 939 948 959 968 976 984 992 999 1004 1006 1006 1005 1004 1003 1003 1003 1003 1006 1016 1028 1040 1053 1064 1075 1086 1096
922 926 930 935 937 936 936 937 940 941 941 937 931 924 917 911 908 905 902 901 900 901 902 902 899 896 892 888 884 880 877 874 873 872 872 873 872 872 873 874 874 874 874 874 874 874 875 875 876 878 881 886 892 897 900 902 904 906 908 910 914 917 920 922 925 929 933 938 944 952 961 969 977 985 992 995 996 995 994 993 992 993 995 999 1005 1017 1030 1042 1055 1066 1078 1089 1099
927 931 935 938 938 938 938 940 943 945 944 940 934 926 920 914 911 907 904 902 900 899 900 899 897 894 891 887 882 878 876 875 873 872 872 872 872 872 873 873 873 873 873 874 874 874 875 875 876 877 881 886 891 895 898 900 903 905 907 911 915 918 920 923 928 932 935 937 940 946 953 962 970 978 984 986 986 985 984 983 984 986 991 998 1007 1020 1033 1045 1057 1069 1081 1092 1102
933 937 940 941 940 939 940 943 946 948 946 942 936 929 922 918 914 911 907 904 901 899 898 896 894 892 889 885 880 876 875 875 874 873 872 873 873 872 872 873 873 873 873 874 874 874 875 875 875 877 880 885 890 894 897 899 902 904 907 910 914 917 920 924 930 934 936 936 937 941 949 957 964 972 976 977 976 976 978 982 986 991 998 1008 1018 1029 1041 1053 1063 1073 1083 1093 1103
938 942 944 943 941 940 941 944 947 948 947 943 937 930 925 921 917 914 910 907 904 902 901 899 896 893 889 884 879 876 875 875 875 874 874 875 874 873 872 872 872 873 873 874 874 875 875 875 875 876 878 883 888 893 897 899 902 904 906 909 912 916 920 925 931 936 936 935 934 938 945 952 959 965 968 969 968 969 974 983 991 999 1009 1019 1029 1039 1050 1061 1070 1077 1085 1094 1104
942 945 945 944 942 940 941 944 947 948 946 942 936 930 926 923 920 916 913 910 908 906 904 901 898 894 888 883 878 875 875 875 876 876 877 877 876 874 872 871 872 873 873 874 874 875 875 875 875 875 877 880 886 892 896 899 901 904 906 908 911 914 919 924 930 934 935 932 931 934 941 947 953 957 961 962 962 965 973 985 996 1006 1017 1028 1037 1046 1056 1066 1073 1078 1083 1090 1099
946 947 946 944 942 940 940 943 946 947 946 942 936 930 927 924 922 918 914 912 910 907 904 902 898 893 887 882 878 876 876 876 877 877 878 879 878 875 873 872 872 873 874 874 875 875 876 875 875 875 876 878 882 887 891 895 898 902 906 908 910 913 916 919 924 927 928 927 926 929 935 941 946 949 953 957 961 967 977 988 1000 1012 1023 1033 1042 1051 1061 1070 1074 1076 1078 1082 1090
947 947 946 943 940 938 939 941 944 946 945 942 937 931 927 924 921 918 915 913 910 907 903 899 896 891 886 881 878 877 877 878 878 878 879 880 880 877 874 873 873 873 874 875 875 876 876 876 875 875 875 876 878 881 885 890 895 900 904 907 909 911 912 914 917 920 921 921 921 925 930 935 939 942 947 954 962 971 982 992 1004 1017 1028 1037 1044 1053 1063 1071 1073 1073 1072 1074 1081
947 946 944 941 938 935 936 938 941 943 944 941 937 932 927 924 921 918 916 913 910 906 900 896 893 889 884 880 879 879 879 879 879 879 880 881 881 878 876 874 873 873 874 875 876 876 876 876 875 875 875 875 876 877 880 885 890 895 900 903 905 907 908 909 912 916 918 918 919 921 926 931 935 941 948 956 966 976 987 998 1009 1020 1029 1035 1041 1048 1057 1064 1065 1064 1062 1064 1070
945 943 940 937 934 932 931 932 934 936 937 937 935 932 928 925 921 917 914 911 908 903 897 893 889 886 882 880 880 880 880 880 880 881 882 883 882 880 877 875 874 874 874 875 875 876 876 875 875 875 875 875 875 876 878 881 885 889 892 895 898 900 902 905 910 914 917 918 917 919 923 927 934 942 951 961 971 981 993 1003 1013 1022 1028 1032 1035 1041 1049 1055 1056 1054 1052 1053 1059
943 938 935 932 930 927 925 924 924 926 929 931 932 931 930 926 921 915 911 908 906 901 895 889 885 882 880 880 881 881 880 881 882 883 884 885 883 881 879 877 876 874 874 875 875 875 875 875 875 875 875 875 875 876 876 877 880 882 884 887 891 894 896 900 907 913 917 917 916 917 920 924 932 943 953 963 973 983 993 1003 1011 1018 1022 1025 1027 1031 1038 1044 1045 1043 1041 1042 1047
941 935 931 928 926 924 920 917 915 916 920 924 927 929 929 926 920 914 909 906 902 897 891 886 882 880 879 880 881 881 881 882 884 886 888 888 886 884 882 880 878 876 875 875 875 875 875 875 875 876 876 876 876 876 877 877 879 880 881 883 886 888 891 895 902 910 915 916 915 916 918 921 928 938 948 959 969 978 986 993 1000 1006 1010 1012 1015 1020 1026 1032 1034 1032 1031 1031 1035
941 936 931 928 925 922 918 915 912 911 913 916 919 922 923 922 918 913 908 904 899 893 888 883 880 879 879 880 881 882 882 884 887 890 892 892 891 889 887 884 881 878 876 875 875 875 875 875 876 877 878 878 878 878 878 878 878 879 880 880 882 883 885 890 897 906 912 913 913 914 916 919 924 933 943 953 964 972 977 981 987 993 996 999 1003 1008 1014 1019 1022 1022 1021 1021 1024
943 938 933 929 924 920 917 915 911 908 907 909 911 915 917 918 916 912 907 902 896 889 884 881 879 879 880 881 881 883 884 887 890 894 896 897 896 894 891 888 884 880 877 876 876 875 875 875 876 877 878 878 878 878 878 878 878 878 878 879 879 880 882 886 893 901 907 910 911 912 914 917 921 928 935 944 954 961 966 971 978 984 987 990 994 998 1002 1007 1010 1012 1013 1015 1019
943 939 935 930 925 920 917 915 912 908 906 905 906 909 912 913 912 909 904 898 892 886 882 880 880 881 882 883 885 887 889 891 895 899 902 903 902 899 896 891 886 882 880 879 878 876 875 875 876 877 878 878 878 878 878 878 878 878 878 878 879 880 882 885 890 895 901 906 909 911 913 915 918 923 928 934 942 949 956 963 970 976 979 982 985 988 991 995 999 1003 1006 1010 1016
942 940 937 932 927 922 919 917 914 910 907 905 904 904 906 908 908 904 899 893 888 884 881 881 882 884 885 887 889 891 894 896 900 904 908 909 908 905 900 894 888 885 883 882 880 877 876 876 876 877 877 877 877 877 877 877 877 877 877 878 879 880 882 884 887 890 896 902 907 910 911 913 916 919 921 926 933 939 948 957 965 970 973 976 978 980 982 986 991 995 1000 1005 1014
941 940 938 934 928 923 920 918 915 913 909 905 902 901 902 903 903 899 894 889 885 883 882 882 884 886 888 890 893 896 899 902 906 910 913 914 913 908 902 895 889 886 885 884 881 878 877 876 876 876 877 877 877 878 878 878 878 878 878 878 879 880 882 883 885 889 893 899 904 908 910 912 913 915 918 923 930 938 946 954 961 966 969 972 973 974 976 979 985 990 996 1003 1012
938 936 934 932 927 923 920 918 916 913 910 906 902 899 898 899 898 894 889 886 884 884 883 884 885 888 890 893 897 901 905 909 912 916 918 918 916 910 902 894 888 886 886 885 883 881 878 877 876 876 877 878 878 878 879 878 878 878 878 879 879 880 882 883 884 887 892 897 902 907 909 910 911 912 916 922 929 937 944 951 957 961 965 967 969 970 971 974 979 986 993 1001 1011
934 931 929 929 926 923 920 918 915 913 910 907 903 898 895 894 893 889 886 884 885 886 886 886 887 890 892 896 901 906 911 915 918 921 923 922 918 911 902 894 889 887 887 887 886 883 880 878 876 876 877 878 879 879 879 879 879 879 879 879 880 881 882 883 884 886 890 896 901 906 908 909 909 911 915 921 928 935 941 946 951 955 958 961 963 965 966 969 976 985 995 1005 1016
933 928 925 926 925 923 921 917 914 911 909 906 901 896 892 891 889 887 885 886 887 889 890 891 891 893 896 900 906 911 916 920 923 926 927 925 919 912 904 897 893 890 890 890 889 887 884 880 878 877 877 878 879 880 880 880 879 879 879 879 880 881 882 882 883 885 889 894 900 904 906 907 908 911 916 921 927 932 936 940 944 948 951 954 957 960 962 965 973 984 998 1010 1021
932 927 922 923 924 924 921 917 913 910 907 903 898 894 890 889 888 886 887 889 892 894 896 896 896 898 899 904 910 915 920 924 928 930 931 927 920 913 906 901 897 894 893 894 893 891 887 883 880 878 878 878 880 880 881 880 879 879 879 880 881 881 882 882 882 884 887 893 899 903 903 904 907 911 916 921 925 928 931 934 937 941 944 947 951 954 958 962 971 984 1000 1012 1022
932 926 920 919 922 924 922 917 912 908 904 899 895 891 889 887 887 887 889 893 896 899 901 902 902 902 903 907 913 918 922 927 931 934 934 930 923 915 908 903 900 898 898 898 897 894 890 886 883 881 880 879 880 880 881 880 880 879 880 881 881 881 882 882 882 883 886 891 895 897 899 901 904 909 914 918 922 924 926 928 932 936 939 941 944 948 953 959 970 984 998 1008 1015
929 923 917 918 921 923 922 918 912 907 901 896 892 890 888 888 888 890 893 897 901 905 907 908 907 906 906 909 913 918 923 928 933 937 937 933 926 918 910 904 903 902 903 902 900 896 892 889 887 885 883 881 880 880 880 880 880 880 881 881 882 882 881 881 882 883 885 888 891 892 894 897 902 907 912 916 919 920 921 923 927 932 934 936 938 942 948 956 969 982 994 1001 1006
925 920 915 916 919 921 921 918 912 905 898 893 890 889 888 889 890 893 896 901 906 911 914 914 913 911 910 912 914 918 924 930 935 938 939 936 929 920 912 906 905 907 908 907 903 898 894 892 891 890 886 883 881 881 880 880 880 880 881 881 881 881 881 881 882 883 884 886 887 888 891 895 901 906 910 914 917 917 917 919 922 926 929 932 934 938 943 951 962 972 982 988 992
923 918 914 914 917 918 919 916 910 903 896 890 888 888 889 891 893 896 900 905 911 916 920 921 920 918 916 917 919 923 927 932 936 938 938 935 928 921 914 911 912 913 913 910 906 901 897 895 894 893 889 886 883 882 881 880 879 879 880 880 880 880 880 880 881 882 883 884 885 886 889 895 901 905 909 913 915 915 914 915 916 919 923 928 932 936 940 945 952 960 967 974 978
923 917 914 913 913 914 914 912 907 900 893 889 887 888 890 893 896 900 904 910 916 922 926 928 929 927 924 924 926 929 932 934 935 936 936 933 927 921 917 917 919 919 917 913 909 904 900 898 897 895 892 889 886 884 882 880 878 878 878 879 879 879 879 880 881 882 882 883 883 885 889 895 901 905 908 911 913 913 912 912 913 915 920 925 931 935 938 942 946 950 956 963 968
923 918 914 912 910 909 909 908 903 896 891 888 887 888 891 896 900 903 908 914 921 927 931 934 936 934 931 929 932 935 936 935 934 933 932 930 926 922 921 922 924 923 919 914 910 906 903 900 899 897 894 891 888 886 883 881 879 879 879 879 879 879 879 880 881 882 883 883 883 885 888 893 898 901 904 906 909 911 912 914 916 919 923 929 934 937 940 943 947 950 954 959 964
922 917 914 911 909 907 906 904 900 895 891 888 888 891 895 899 903 907 912 918 924 930 934 938 939 938 934 933 935 939 939 936 932 929 927 926 926 925 926 926 926 923 919 913 909 907 904 902 901 899 896 893 890 887 885 883 882 881 880 880 880 880 880 881 882 883 884 884 884 885 888 891 895 898 900 902 905 909 913 917 921 925 929 934 938 940 943 946 950 952 955 959 963
921 916 913 911 909 906 903 900 897 894 891 889 891 894 899 903 907 912 917 922 928 933 937 941 943 941 937 936 938 942 941 937 930 925 922 923 926 929 931 930 928 924 918 913 909 907 906 904 902 900 898 895 892 889 887 885 884 883 881 881 880 880 881 881 882 883 884 885 885 885 887 890 894 897 898 900 904 910 916 922 927 931 935 939 942 944 946 950 954 957 960 963 967
920 916 913 912 909 906 902 899 896 894 892 891 894 898 903 908 913 918 923 928 933 938 943 946 948 947 942 941 943 945 944 938 931 925 923 924 928 932 935 934 931 926 920 915 911 909 907 905 903 901 898 896 892 890 887 886 885 884 882 881 880 880 881 881 882 883 883 884 884 885 887 891 895 898 900 903 907 914 922 928 933 938 942 944 946 947 950 954 959 963 966 970 974
921 916 914 913 911 908 904 900 897 894 892 894 898 903 909 915 921 926 931 935 939 944 950 953 955 953 948 946 947 949 946 940 934 929 926 927 931 936 938 937 933 928 922 918 914 912 909 906 904 902 899 896 893 890 888 888 887 885 883 882 881 880 881 881 882 882 883 883 884 885 887 892 896 900 903 906 911 918 927 934 939 943 947 949 950 951 953 958 963 968 972 976 980
921 917 915 914 913 910 907 902 898 894 893 897 902 908 914 922 928 933 938 941 945 951 957 961 962 960 955 952 952 953 949 942 936 932 931 932 936 940 942 941 936 931 925 921 918 915 913 910 908 906 903 899 894 891 890 890 889 887 885 884 883 882 882 882 882 882 883 884 884 886 888 892 897 900 903 907 912 919 928 936 941 946 950 953 954 955 957 960 965 970 976 981 985
922 917 915 914 913 911 907 903 898 895 895 899 906 912 919 926 933 938 942 946 952 958 964 967 968 965 960 957 956 955 951 945 939 935 936 939 942 945 946 944 939 933 927 924 922 920 918 917 916 913 909 902 897 893 892 892 891 889 887 886 885 884 883 883 883 883 884 885 885 887 889 893 897 899 903 907 911 919 928 936 943 948 953 956 958 959 960 963 967 972 979 984 989
922 917 914 912 911 910 907 903 898 896 897 902 909 916 923 930 937 941 946 951 958 966 972 974 973 970 966 962 961 958 954 948 942 939 941 945 949 950 950 947 942 935 930 927 925 924 922 922 922 920 914 906 899 894 894 894 893 891 889 888 888 887 885 884 884 884 885 885 886 887 889 892 895 898 901 905 910 917 926 935 943 949 954 958 961 963 964 966 970 975 981 987 991
922 916 912 910 909 908 906 902 898 898 901 907 915 922 929 936 942 947 951 958 966 974 980 981 979 975 970 967 965 962 957 951 945 942 944 948 951 953 952 949 944 938 933 930 928 926 924 923 922 920 915 908 902 897 895 895 894 892 890 889 889 887 886 885 885 884 885 884 885 885 887 890 892 894 898 903 908 915 924 932 941 948 954 958 963 966 969 971 974 978 983 987 992
919 913 909 906 905 904 904 901 900 901 906 914 922 930 937 944 950 955 959 966 974 982 988 989 986 980 975 972 970 966 962 955 949 945 947 950 952 953 953 950 946 940 936 933 930 927 925 923 921 918 915 910 904 899 896 895 894 892 891 890 889 888 887 886 885 885 884 884 883 884 885 887 889 891 895 900 905 912 921 929 939 947 953 958 964 969 972 975 978 981 984 988 992
916 910 906 903 902 901 902 901 901 905 912 921 930 937 944 951 957 962 967 974 982 990 995 996 992 984 979 976 974 970 966 959 952 948 948 950 952 954 954 951 947 943 940 937 934 931 928 925 922 918 915 911 906 901 898 896 894 893 891 890 889 888 887 886 885 885 884 884 884 884 885 886 887 890 893 898 903 910 918 927 936 945 952 956 961 967 972 976 979 981 983 986 990
