3000x3000x_100cell_sq_ID/rastert_emidala1_TableToExcel.asc
ncols 100 
nrows 100 
xllcorner 530535 
yllcorner 5214435 
cellsize 30 
NODATA_value -9999 
[rows 0 to 40 of 100, columns 0 to 92 of 100]
883 886 889 893 897 900 901 902 901 900 899 897 894 890 887 886 885 882 877 873 869 867 864 863 862 862 862 862 862 865 865 866 869 874 882 889 894 897 898 900 903 908 913 917 919 919 917 916 918 924 931 938 944 947 948 949 951 952 954 956 959 962 964 967 971 975 978 983 988 995 1003 1011 1018 1023 1029 1036 1045 1053 1064 1077 1089 1099 1110 1122 1134 1144 1149 1153 1157 1161 1163 1165 1167
884 886 889 893 896 899 901 902 902 902 901 899 896 893 889 887 885 881 876 871 868 865 863 862 862 862 862 862 863 865 865 866 869 874 881 887 890 892 894 897 900 904 909 914 916 915 913 913 915 921 928 935 940 942 943 944 946 949 952 955 959 964 967 969 972 976 979 984 989 997 1005 1013 1020 1026 1033 1041 1049 1058 1068 1081 1094 1103 1114 1127 1141 1152 1160 1166 1170 1174 1176 1177 1179
883 885 888 891 895 897 900 902 904 904 904 902 899 895 891 889 886 881 875 870 866 864 862 862 862 862 862 862 864 864 865 867 870 874 880 884 887 889 891 894 897 902 907 911 913 912 910 910 913 919 926 932 935 937 938 939 941 945 950 954 960 965 969 971 975 978 981 985 991 999 1007 1015 1022 1030 1038 1047 1055 1063 1074 1086 1098 1108 1119 1133 1147 1160 1169 1176 1182 1187 1191 1193 1195
882 884 887 890 893 895 898 901 904 906 906 904 901 898 894 891 887 882 876 871 867 864 862 862 862 862 862 863 865 865 866 867 870 874 878 882 885 888 891 895 898 902 906 910 912 910 908 908 912 918 924 930 933 933 934 935 937 941 947 953 960 966 970 973 976 980 984 988 993 1000 1008 1016 1024 1033 1042 1052 1060 1070 1080 1091 1102 1113 1125 1139 1154 1166 1176 1184 1191 1199 1205 1209 1212
883 885 887 889 891 893 896 900 904 907 907 906 904 900 896 893 889 884 879 874 869 865 863 862 862 864 863 865 866 866 866 867 869 873 876 879 883 887 892 896 900 903 906 910 911 909 907 907 911 917 923 928 930 930 930 931 933 938 944 951 959 963 968 971 975 979 983 987 993 1000 1008 1016 1024 1034 1044 1054 1063 1073 1083 1093 1104 1115 1128 1142 1155 1170 1179 1189 1198 1208 1216 1221 1224
884 885 887 889 890 891 895 900 904 907 908 907 905 902 898 894 890 885 881 876 871 867 864 863 863 864 865 866 866 866 867 868 870 872 875 877 881 886 892 896 900 902 905 908 909 907 906 907 910 915 921 925 926 926 927 928 931 936 942 948 954 959 963 966 970 974 979 984 990 997 1005 1013 1022 1033 1043 1053 1063 1072 1082 1092 1103 1115 1128 1141 1154 1167 1178 1188 1199 1210 1219 1224 1226
886 888 890 891 891 892 895 900 904 906 906 905 903 900 897 893 889 884 879 875 872 869 867 865 864 864 864 865 865 866 867 869 871 873 874 876 879 885 890 895 898 901 903 905 905 904 905 907 910 914 918 921 922 923 924 926 929 934 939 945 949 953 956 960 964 969 974 979 986 994 1002 1011 1020 1030 1041 1051 1061 1071 1081 1091 1102 1115 1128 1141 1153 1163 1175 1187 1199 1210 1219 1224 1225
889 891 894 894 894 894 897 900 904 905 905 903 901 898 895 892 887 882 877 874 872 871 870 867 864 863 863 863 864 866 868 870 872 874 875 876 879 883 889 893 896 898 900 901 901 901 903 907 910 913 916 918 919 920 921 924 928 932 936 941 945 948 950 954 959 964 969 975 982 991 1001 1010 1018 1027 1039 1050 1061 1070 1080 1092 1104 1117 1130 1143 1153 1163 1174 1185 1197 1207 1215 1217 1218
891 894 897 897 897 896 898 901 904 905 904 902 900 897 893 890 885 880 876 873 872 873 872 869 866 864 863 863 864 866 868 870 872 874 876 878 880 884 888 891 893 895 897 899 898 899 901 905 909 912 914 917 918 919 921 923 926 929 932 936 940 942 945 949 955 961 967 975 983 992 1002 1011 1019 1028 1038 1049 1060 1070 1081 1093 1106 1119 1134 1146 1156 1164 1174 1185 1195 1202 1207 1208 1207
893 896 898 899 899 899 900 902 904 905 904 902 899 896 892 887 882 878 875 873 873 874 874 871 868 865 863 863 864 866 868 870 872 875 877 880 883 885 887 888 890 892 895 896 896 897 899 903 907 910 913 916 917 918 920 922 924 926 929 932 935 938 940 945 952 959 966 975 983 993 1003 1013 1020 1029 1038 1049 1059 1070 1082 1095 1110 1123 1136 1148 1158 1165 1174 1183 1192 1198 1200 1199 1196
896 898 900 901 902 902 903 904 905 905 903 901 898 895 890 885 880 876 875 875 875 875 875 873 870 866 864 863 864 866 868 870 872 874 877 880 883 885 886 887 889 891 894 895 896 897 899 902 905 909 912 914 916 917 919 921 922 924 927 930 932 934 936 941 948 956 964 974 983 992 1002 1012 1021 1029 1039 1049 1060 1071 1083 1096 1109 1121 1134 1146 1155 1162 1170 1180 1189 1194 1194 1190 1185
900 901 903 904 904 904 905 905 906 905 903 899 895 891 886 882 879 878 878 878 877 877 875 873 871 868 867 866 865 865 867 868 870 872 874 878 881 884 885 887 890 892 895 897 897 899 901 903 905 907 910 912 914 916 918 919 921 923 926 929 931 932 934 938 944 952 961 972 982 990 1000 1010 1020 1029 1040 1051 1062 1073 1085 1096 1108 1118 1129 1141 1150 1158 1167 1177 1186 1190 1188 1181 1174
904 905 906 906 906 906 907 907 907 906 902 897 892 887 882 880 879 880 881 881 880 878 876 874 872 870 869 868 866 865 866 867 868 869 871 875 878 882 884 888 891 894 897 898 899 901 903 905 906 907 909 911 913 916 918 919 921 924 928 931 933 934 936 939 944 950 958 968 977 986 996 1008 1019 1030 1041 1053 1064 1075 1085 1095 1104 1112 1121 1131 1142 1152 1163 1174 1181 1184 1180 1171 1163
907 909 909 908 908 908 908 908 907 906 902 896 890 885 880 879 881 883 884 884 882 880 877 875 873 872 871 869 866 865 866 867 868 869 870 873 876 879 883 888 892 896 899 901 903 906 909 910 911 912 913 915 916 919 921 924 926 929 934 938 941 943 945 946 949 952 955 961 969 979 991 1004 1018 1031 1044 1057 1067 1077 1085 1092 1098 1103 1110 1119 1131 1145 1160 1171 1176 1176 1170 1161 1153
908 910 910 909 909 908 907 907 906 905 901 896 890 884 880 881 883 886 887 886 884 882 879 877 875 874 872 869 866 865 866 867 868 869 870 872 874 877 882 888 893 897 901 904 907 911 914 916 917 917 917 918 920 922 926 929 932 936 941 946 950 953 955 955 955 955 954 955 961 971 985 1001 1016 1031 1046 1058 1068 1077 1083 1088 1091 1094 1099 1106 1119 1138 1155 1167 1171 1169 1162 1152 1144
909 910 911 910 909 908 906 906 905 904 900 896 890 885 881 883 886 888 889 888 886 884 881 878 877 875 872 869 866 865 866 867 868 869 870 871 872 875 880 887 892 897 901 905 909 914 918 919 919 919 920 921 923 926 929 933 937 942 948 953 957 960 961 961 960 959 957 955 959 967 979 994 1009 1024 1039 1051 1061 1069 1075 1078 1081 1085 1090 1099 1112 1130 1147 1159 1164 1163 1155 1146 1136
908 909 910 910 909 908 907 906 904 902 898 893 889 886 884 885 888 889 889 888 886 884 881 878 877 875 872 869 866 866 866 867 867 867 869 869 870 872 877 883 889 894 899 904 909 914 917 919 919 919 921 923 926 929 932 936 942 948 953 958 962 964 965 965 964 963 961 959 960 965 974 987 1001 1015 1029 1041 1051 1059 1064 1067 1070 1075 1083 1093 1107 1123 1139 1151 1157 1157 1150 1140 1129
906 908 909 909 909 908 907 906 904 900 895 890 887 886 887 888 889 889 888 887 886 883 880 878 877 875 872 868 866 866 866 866 866 866 867 868 868 869 873 879 886 891 897 903 908 912 916 918 918 919 921 924 928 932 935 938 945 952 957 961 964 966 967 967 967 967 965 963 963 965 971 981 993 1006 1019 1032 1042 1050 1055 1058 1062 1068 1078 1089 1104 1119 1133 1144 1151 1151 1144 1134 1123
904 906 908 909 909 909 908 906 903 899 893 888 887 888 890 890 890 890 889 888 886 884 881 878 877 875 872 868 866 866 866 866 866 866 867 867 867 868 871 877 883 890 896 901 905 910 914 918 919 920 921 924 928 933 937 941 947 951 954 957 960 963 965 967 969 970 970 968 967 968 970 976 986 999 1012 1024 1035 1043 1047 1050 1056 1064 1075 1089 1104 1117 1129 1139 1145 1145 1138 1127 1117
901 905 907 909 909 909 909 907 903 898 893 889 889 891 893 893 893 892 891 890 888 886 883 880 877 875 872 868 866 866 867 867 867 867 867 867 867 868 870 875 882 889 895 899 903 907 913 918 920 921 922 924 928 933 938 943 947 950 951 953 956 959 963 967 971 973 974 973 972 971 971 973 981 993 1005 1018 1028 1036 1040 1044 1051 1061 1073 1088 1104 1116 1126 1134 1139 1139 1131 1121 1111
899 904 907 909 910 910 909 907 902 897 893 891 892 895 896 896 896 895 893 892 889 887 884 881 878 875 873 869 866 867 867 867 867 867 867 867 867 868 869 873 879 887 893 897 900 904 911 917 920 921 922 925 929 934 939 944 948 949 950 951 953 956 961 966 971 975 977 978 977 976 975 976 981 989 999 1010 1019 1026 1033 1040 1049 1061 1073 1087 1102 1113 1122 1129 1131 1129 1123 1115 1107
900 905 908 910 911 910 908 905 900 896 893 893 895 899 900 900 899 897 894 892 890 887 884 881 879 877 875 871 868 867 867 867 867 867 867 867 867 867 868 871 876 882 889 894 898 903 909 914 917 920 923 927 930 934 938 943 947 949 950 951 952 955 960 965 970 975 979 982 983 982 982 981 983 987 993 1002 1009 1016 1025 1037 1048 1061 1072 1085 1099 1110 1119 1123 1122 1119 1114 1108 1102
903 907 911 912 912 911 907 902 897 893 892 894 899 903 904 904 902 899 895 892 889 887 884 882 880 879 877 874 869 867 867 866 866 866 866 866 866 867 868 869 873 878 885 891 896 902 908 912 915 918 923 929 932 934 938 942 946 949 951 952 952 955 960 965 970 976 982 987 989 989 989 988 987 987 990 996 1000 1007 1018 1033 1047 1060 1072 1085 1096 1106 1113 1115 1112 1108 1103 1098 1093
906 910 913 914 913 910 906 900 895 892 892 896 902 906 907 907 905 901 896 892 890 887 884 882 881 880 878 874 870 868 867 866 866 866 866 866 867 867 868 869 873 878 884 890 895 901 906 910 912 916 922 928 931 934 936 940 944 949 952 953 954 958 963 969 974 981 988 994 997 998 997 996 994 992 992 994 995 1001 1013 1028 1043 1058 1072 1085 1095 1101 1105 1105 1101 1095 1089 1084 1079
907 911 913 913 912 908 904 899 895 893 894 899 905 908 909 908 905 901 897 893 890 888 885 883 881 880 877 874 870 868 867 867 867 867 868 868 868 868 869 871 874 880 886 891 895 900 905 908 911 915 921 927 930 933 935 938 943 947 951 955 957 961 967 973 979 986 994 1001 1005 1006 1005 1004 1001 998 995 993 992 996 1008 1023 1038 1054 1070 1083 1092 1096 1096 1094 1089 1083 1076 1071 1066
909 912 913 912 910 907 902 898 895 894 897 902 907 910 910 909 906 902 898 894 891 888 886 884 882 879 876 873 870 868 867 867 868 869 869 869 869 869 869 871 876 881 886 891 894 898 903 906 908 912 918 924 928 931 933 936 940 944 949 953 957 962 968 975 982 989 997 1004 1008 1010 1009 1008 1007 1004 1002 998 995 997 1005 1017 1031 1046 1060 1072 1080 1084 1084 1082 1077 1071 1066 1063 1062
910 913 913 912 909 905 901 897 896 897 900 905 910 912 912 911 908 904 900 895 891 888 887 885 882 879 876 872 869 868 867 867 868 869 870 870 869 869 869 871 874 879 884 889 893 896 900 902 905 908 915 921 926 929 932 934 937 940 945 950 955 960 966 974 982 990 997 1003 1008 1010 1010 1011 1011 1010 1009 1006 1003 1001 1004 1011 1023 1035 1047 1057 1065 1069 1070 1069 1065 1060 1057 1059 1062
912 914 914 912 909 904 899 897 898 901 904 907 912 914 915 914 912 908 902 896 891 888 887 886 883 879 875 872 869 867 867 867 868 869 870 870 869 868 869 870 873 876 881 887 891 894 897 899 901 905 911 918 923 927 930 932 934 936 940 946 952 958 965 972 981 989 996 1002 1006 1009 1010 1012 1014 1015 1015 1014 1010 1007 1005 1009 1017 1026 1034 1042 1048 1052 1055 1056 1055 1053 1054 1058 1064
912 914 914 912 908 903 899 897 900 905 907 910 914 917 918 918 915 911 905 898 893 889 888 886 883 879 876 872 870 868 867 867 868 869 870 870 869 868 869 870 872 874 878 884 889 893 895 897 899 904 909 916 921 924 927 929 931 933 938 944 950 957 964 971 979 986 991 997 1002 1005 1008 1011 1014 1017 1019 1020 1018 1015 1012 1013 1016 1019 1023 1026 1030 1034 1038 1043 1048 1051 1056 1063 1069
912 913 913 911 908 903 899 900 904 908 910 913 917 921 923 922 919 914 908 901 896 893 890 887 883 880 877 874 871 869 868 868 869 870 870 870 869 868 868 869 871 872 876 882 888 892 895 896 899 903 908 914 919 922 924 925 927 931 937 943 950 958 965 971 977 982 987 992 997 1002 1006 1009 1012 1017 1021 1024 1025 1023 1020 1018 1016 1015 1014 1013 1014 1018 1024 1032 1042 1051 1059 1066 1073
911 912 911 910 906 903 900 902 907 911 913 916 921 925 927 926 922 916 910 905 901 897 893 888 884 880 878 876 873 871 869 869 869 870 871 870 869 868 868 869 870 871 874 879 886 891 894 896 898 902 907 912 917 920 921 922 925 930 936 943 950 959 967 973 977 980 983 987 992 997 1001 1005 1010 1015 1021 1026 1029 1029 1028 1025 1021 1018 1014 1012 1012 1015 1020 1028 1039 1048 1055 1061 1067
911 911 911 909 905 902 901 904 908 912 915 918 923 928 931 930 926 920 914 909 905 901 897 892 886 883 881 879 876 873 870 869 870 870 871 870 869 868 868 869 869 870 873 878 884 889 892 894 897 901 905 909 915 918 919 919 922 928 936 944 952 962 970 976 979 980 981 983 987 991 996 1001 1006 1013 1020 1027 1031 1034 1034 1032 1028 1024 1020 1018 1017 1019 1022 1029 1037 1044 1049 1053 1058
911 912 911 908 904 902 902 904 908 912 915 919 924 929 933 933 929 923 917 912 909 906 902 896 890 887 884 882 878 874 872 870 870 870 871 870 869 869 869 869 869 870 872 877 882 887 889 892 896 899 903 907 912 916 917 917 920 927 935 945 954 965 974 979 980 979 978 979 983 987 992 997 1003 1011 1019 1026 1032 1036 1038 1037 1035 1031 1027 1024 1023 1023 1026 1030 1036 1041 1045 1048 1052
911 912 911 907 903 902 903 905 909 912 916 921 925 930 934 935 932 926 920 916 913 911 908 901 895 890 888 884 880 876 873 871 870 870 870 870 870 869 869 869 869 869 871 875 880 884 887 890 893 897 900 905 910 914 915 916 920 927 936 947 958 968 975 978 977 974 973 977 983 989 994 999 1005 1012 1020 1026 1032 1037 1039 1040 1038 1036 1032 1030 1029 1029 1030 1032 1036 1040 1044 1046 1050
912 912 910 907 904 903 905 909 914 918 920 923 926 930 933 934 931 927 923 920 918 916 913 907 900 894 890 886 883 879 875 872 870 869 870 870 870 869 869 869 869 869 870 873 877 881 884 887 890 894 898 904 909 912 913 915 920 928 938 949 961 971 975 975 972 968 968 974 983 991 997 1002 1008 1014 1020 1026 1032 1037 1040 1042 1042 1040 1038 1036 1035 1035 1035 1035 1037 1041 1044 1047 1050
912 911 909 907 905 904 907 912 919 923 925 926 928 930 932 932 930 927 925 923 922 921 915 912 905 898 893 889 885 882 878 873 870 869 869 870 870 869 869 869 869 869 869 871 874 878 881 884 887 891 895 901 906 910 912 915 922 930 940 951 963 970 973 970 966 963 965 973 983 992 997 1002 1008 1014 1020 1025 1031 1036 1041 1045 1047 1047 1046 1044 1044 1044 1043 1043 1044 1047 1050 1053 1056
912 911 910 908 907 907 910 915 922 926 927 927 928 930 931 930 927 924 922 922 920 919 917 912 906 900 895 891 888 885 880 874 871 870 870 870 870 870 870 870 870 870 870 870 872 875 878 881 884 888 892 897 901 906 911 917 926 934 943 952 961 966 966 963 959 960 964 973 983 990 996 1000 1006 1012 1018 1024 1030 1036 1043 1048 1052 1054 1054 1054 1054 1053 1053 1053 1054 1055 1057 1060 1063
913 912 911 911 911 911 913 917 922 925 925 926 928 930 930 928 923 919 917 917 918 918 915 911 906 901 897 893 890 887 881 875 872 870 870 871 871 871 871 871 871 871 871 870 871 873 875 878 882 886 889 892 896 903 911 919 929 938 945 952 958 959 958 954 953 957 964 972 981 988 993 997 1003 1010 1016 1022 1029 1037 1044 1051 1057 1060 1061 1061 1061 1061 1060 1060 1060 1061 1062 1065 1068
914 913 913 915 916 915 916 919 922 923 923 925 928 930 930 926 920 915 912 913 915 914 912 908 904 900 896 893 890 886 882 876 872 871 871 871 871 872 872 872 872 872 871 871 871 872 874 877 881 884 887 890 894 901 911 921 930 937 943 947 950 951 949 947 949 955 962 969 977 983 988 994 1000 1009 1017 1024 1031 1039 1046 1052 1057 1059 1060 1060 1060 1060 1060 1060 1060 1060 1061 1063 1068
917 917 917 919 920 920 920 922 924 924 923 925 928 930 930 926 920 915 912 912 912 910 907 904 900 897 894 891 888 884 880 876 872 871 870 871 871 871 872 872 872 872 872 872 872 873 875 878 881 884 887 889 893 901 911 921 928 933 937 940 941 941 940 941 946 953 959 965 971 976 983 990 998 1007 1017 1025 1033 1040 1047 1052 1055 1057 1057 1057 1057 1057 1057 1056 1056 1057 1058 1061 1066
921 921 921 923 925 925 924 925 925 925 924 925 928 931 930 927 921 916 913 912 910 908 904 901 898 895 893 890 887 883 879 876 873 870 870 871 871 871 871 871 872 872 873 872 873 874 876 878 880 883 886 888 892 900 910 918 924 927 930 932 933 933 933 936 942 949 955 960 965 972 980 988 996 1006 1016 1024 1032 1040 1045 1049 1051 1051 1051 1051 1050 1050 1050 1050 1051 1053 1056 1060 1067
